311606
643526
925549
185828
72707
825131
691568
723005
935625
696519
692194
747777
667813
524997
99401
726861
193213
17757
979473
536045
949611
99035
487719
736469
739653
608881
391647
653073
765222
894653
568711
953159
743484
241576
81654
498618
781546
286103
57118
512025
786886
358242
729705
755131
787510
85769
605830
509945
96239
956367
302063
489643
921824
771273
964033
520201
884224
332865
273757
465685
503397
509529
29498
568929
655282
253731
199894
968010
394310
25571
161103
327677
681134
704753
94653
17860
516975
192739
205131
629696
398537
984623
455513
723921
66924
901743
180177
812048
657247
359117
776352
452419
730752
395260
32400
665243
913675
386508
548476
257682
